.Random.seed <-
c(403L, 20L, 277221760L, -2041299874L, 1655028649L, 476594779L, 
1441781354L, -1717716212L, -1392579249L, -1642908155L, 1428143292L, 
-1114276462L, -414845299L, -1483010873L, 1701407150L, 631968776L, 
-1502951413L, 1378606313L, 1425783736L, -1179982746L, 8799489L, 
-1008467053L, 1427047490L, 260299764L, 363976183L, 1874553325L, 
-1078138236L, -1886876502L, 498309653L, -1218181457L, -577018698L, 
-314461472L, 986861091L, -2123394751L, 1943563312L, 1399608910L, 
582001337L, 965138123L, 1260203898L, 94377596L, -1134128449L, 
1926935445L, -1544408148L, -151864958L, -398737571L, 1844040279L, 
-1809098434L, 196884856L, -1494429093L, -843483719L, 953747464L, 
-58869066L, -1833537039L, 705423395L, 605923442L, -46974268L, 
-316846969L, -1063681955L, 604980820L, -1650187142L, 1665634245L, 
-24588001L, 1107067046L, -314432976L, 577542355L, 535320305L, 
950171168L, -907616066L, 1612899529L, -171733381L, -355582902L, 
1367737516L, 355001263L, -2005383323L, 1969478940L, -1413913230L, 
-747360787L, 545612327L, 1070150222L, 1443788456L, -968323925L, 
1382116809L, 1546609112L, 668358790L, -2077375135L, 1483028723L, 
-1949325470L, -1336741420L, 2090095831L, 1484936909L, 1849810532L, 
-1645994934L, 1081014709L, 1066255L, -2123353578L, 293350592L, 
2053843587L, 1072813729L, -39724912L, 365802350L, 1191607577L, 
-1432982101L, 1327115162L, -905477284L, -2106867105L, -1347761611L, 
-156864052L, 1417627938L, 1246202749L, -741332873L, 9829790L, 
-1625803688L, -1645334085L, -2049489063L, 71509224L, 73813270L, 
-203198831L, -1091591357L, 922820178L, 1237659876L, 288326439L, 
283187069L, -1375241612L, -748207014L, 385039525L, -62331201L, 
-646709946L, -574520368L, -1174073869L, -18413295L, 1951774016L, 
224458014L, 1521488361L, 998990619L, 1774480682L, 1408558668L, 
490963471L, -1829767867L, 1419532028L, -1594217134L, -28212531L, 
-1994171769L, -651674258L, -1147701432L, -1069296821L, 1176042153L, 
905383928L, -859152602L, -999022527L, 1707577811L, 262962050L, 
-10498124L, 147605303L, -1900863955L, 1088114500L, -1726133142L, 
1307064021L, 23371887L, -32398986L, -671438176L, -889251997L, 
1805204481L, -1015290000L, 1079389966L, 1949616505L, -1311834869L, 
-395672006L, -1450877636L, 110842495L, -707601963L, 1233754092L, 
-716691134L, 1335637661L, -40787177L, -1592561026L, -1798110664L, 
198759707L, 500179577L, -1290314040L, -436300042L, -2026979535L, 
-1335183517L, -1752715982L, 548785796L, 562309831L, -1062975075L, 
-503784172L, 759870394L, -1313352187L, 1840846815L, -1636536730L, 
1957837296L, 962402067L, -1299294031L, 1474759520L, 1247672574L, 
-42456951L, 488257467L, 76722570L, 1951473772L, 973095407L, -640787931L, 
-1488884004L, 1920418994L, -2043197523L, 1750104935L, -572073842L, 
-976153240L, 907396459L, 1565435657L, 1708120472L, -975191866L, 
1381982753L, -910103885L, 358684706L, 363471380L, -877058409L, 
1848588429L, -2107449948L, 366387082L, -1192277003L, -1839652273L, 
39163222L, -1832660992L, -1809747645L, -1186251551L, -508291504L, 
519088814L, -1251119527L, -903301304L, -144548340L, -160305444L, 
726683730L, -297893760L, -2030163116L, 1955681256L, -1213725958L, 
-1383174320L, -393940948L, 783442292L, -1611742574L, -62631328L, 
882562188L, 860071264L, 1597958370L, -1940311896L, -1887434036L, 
-1532545540L, -1699274830L, -803502096L, 723314116L, -1419486888L, 
1259402618L, 1447253424L, -568673860L, -1217951148L, -1424544318L, 
138976032L, -793834564L, -1825905584L, -48033822L, -421751960L, 
100747084L, -124933380L, 1031404274L, -203697920L, 528020596L, 
1078020616L, 1702287802L, 442427856L, -783971348L, 1015281556L, 
1183816914L, 1280133216L, 787501388L, 1481275168L, -1097049470L, 
-424252952L, -1182796820L, 1649839676L, 1452658L, -2112442512L, 
-1558265564L, 1214836280L, -1662083686L, -2002057776L, -359521860L, 
-2145611116L, -588749182L, -258526784L, -849711300L, -955292016L, 
2086679330L, -426605048L, -306776308L, -2078058596L, -1389113326L, 
2020172672L, 1805258516L, -1931089624L, -1419939782L, -1818802224L, 
-560117140L, 419486772L, 1247184018L, -740659872L, 1953599820L, 
408386016L, 870231970L, -2130784344L, 1942856844L, 521806780L, 
1115535474L, 1986094064L, -237871036L, -378272680L, 313679930L, 
-1525358480L, -1642909124L, -240878828L, 1921064642L, 1671720672L, 
1164743804L, -2132614960L, 1132794786L, 2016182824L, 457622796L, 
-283374660L, -1409170126L, -175612736L, -325153228L, 549811912L, 
-1713678662L, 1439850640L, 536595180L, -455984556L, -1877295470L, 
-262915296L, -1197470772L, 767552736L, -781735230L, -435048408L, 
994200492L, 1073810108L, -517933582L, -114702800L, 1523044260L, 
-1749314120L, 2076442458L, 267069584L, -1033442436L, -1398824172L, 
-1587941054L, 1017004800L, -1375567940L, 119743312L, -1959086814L, 
-871608760L, 397137932L, -256401316L, 1544186322L, -1973024256L, 
743375188L, -1090030360L, -214799110L, -1265289520L, -1342300884L, 
1242958068L, -1066072686L, 1010022752L, -227141620L, 1379659488L, 
735857250L, -1195811160L, -1156827572L, 1004166012L, 302634290L, 
-131506576L, -226587836L, -1462725672L, -332910726L, -1865608656L, 
-1801663556L, -1198185900L, 915360834L, 1208907936L, -656100676L, 
697900496L, 253130594L, 42283752L, 1710036172L, -1719284228L, 
-1426687502L, 513676928L, -210385420L, -1129880952L, -1905789126L, 
-1025073328L, -326689684L, -749048428L, -384656302L, 781117920L, 
-952863540L, -1165442912L, 689383810L, 1088731368L, -531516692L, 
134821180L, -1798570894L, 1602675824L, 15903780L, -1556053960L, 
-1186899174L, 672652496L, 1407716156L, 210630548L, 1922355074L, 
594748864L, 1488532028L, -2140640880L, -237295070L, -96563960L, 
677010060L, 566118172L, 441458834L, -1389321856L, 2012348948L, 
-137215192L, -645265862L, 902007248L, 1852233068L, 795337652L, 
739068946L, 1963274720L, -2090384436L, -1777286944L, 181229602L, 
-1156256472L, -2091518452L, -1290276036L, -418085902L, -19382544L, 
1732999748L, 445537880L, 241414970L, 1467040240L, 709353148L, 
691080468L, -1497628990L, -533208992L, -726333572L, 12458960L, 
-1950937822L, 746677928L, 111987596L, 946822332L, -580291055L, 
1505277846L, -850498828L, -1646117755L, -1465905L, 145962184L, 
795219302L, 344328083L, -1870780171L, 1698529490L, 931688224L, 
1919799049L, -1786521541L, -1934029428L, 490734618L, -274474865L, 
-1465208871L, 1126748270L, -973335556L, 1062519149L, -1157227753L, 
-696186144L, -367167298L, -460941685L, 928361741L, 634503482L, 
-416616072L, 1248281377L, 839324627L, 1296022260L, -196111486L, 
1325605399L, -629731103L, -1853440474L, -2118379740L, -182339627L, 
-1956466817L, -1878656488L, 904730934L, -1308055613L, 1981187589L, 
1539925410L, 81619344L, -800485063L, 1762715115L, -324540708L, 
1569526538L, 1132445183L, -1120107447L, 696595934L, 1551254924L, 
-1353346723L, -1749882521L, 1210333840L, 1139717294L, 572523867L, 
-646108867L, 640521130L, -1318689720L, 1362889841L, -1232320029L, 
1432954084L, -2067693550L, -1852984345L, -914236495L, 2135111158L, 
-1362716652L, 1629648677L, 2069762095L, -1520158232L, -1212588346L, 
80846707L, -739837995L, 1466617778L, 1578162560L, -292781719L, 
-1178073637L, -441221844L, 903219002L, -1473529361L, -1378313095L, 
-2029605106L, 243559132L, -1246779059L, 2001593527L, 303513152L, 
-1819218146L, -1087232533L, -1640457875L, 1526462426L, -1236323944L, 
-13213695L, 1250922931L, -270432044L, -1197060638L, -495871881L, 
1412025793L, -1753831610L, -1663323516L, 1636195381L, -803906529L, 
758266744L, 1978729046L, 1498975971L, 615147685L, -1152566974L, 
-85426384L, 1719774041L, -840597301L, 140628284L, 929176938L, 
1927772063L, -599760343L, -1887777602L, 1514050988L, 658402045L, 
-869554617L, -242535120L, -713341362L, -1310165381L, 416216541L, 
162677770L, -1961503448L, 1347222417L, 1624464771L, 98294404L, 
575793330L, 1327216647L, -1157557167L, -738327594L, -1644897612L, 
-1574049083L, -263181297L, -1239577464L, -1101464154L, 1459434835L, 
-923644235L, 1856709650L, 115299808L, 1299200073L, 1882463867L, 
1204193100L, 1270043354L, -762095921L, -786418023L, 1616341678L, 
